# Cameras (4)
# PhotoID, X, Y, Z, Omega, Phi, Kappa, r11, r12, r13, r21, r22, r23, r31, r32, r33
CamBob_A_1630947599618	901788.1747889847029001	274690.8977075970615260	14.7363781868278263	19.1313270566782236	-54.1998560149570565	-69.4630655751635686	0.2052103680113867	-0.9779763826439761	-0.0380906793223082	0.5477833247981320	0.0825160674624717	0.8325410066078626	-0.8110623489804812	-0.1917114853135637	0.5526523070295930
CamBob_B_1630947599619	901786.5119712902233005	274696.2496820084052160	14.7722884759973621	7.5179080747637475	-56.8558523352824423	-83.1816255005361995	0.0649111502132345	-0.9973981860136766	-0.0313592269455616	0.5428804015248928	0.0089279152771558	0.8397625628527239	-0.8372976843501755	-0.0715342635765008	0.5420474489529505
CamMary_C_1630947599884	901776.0903045305749401	274718.8059073471231386	15.7360736495204030	34.9677279560180381	-50.6090771711481651	-45.9801405742714877	0.4409940189968296	-0.8970740666501059	0.0279713094592635	0.4563460256887766	0.2509541149039868	0.8536804654265056	-0.7728341219479652	-0.3637033834824732	0.5200454487795454
CamMary_D_1630947599884	901773.8178013988072053	274723.7180618891725317	15.5674838320958084	22.5942727838721069	-56.2739240700776406	-56.9755086305623379	0.3025951361080302	-0.9482361597210216	0.0963554305749936	0.4655198865612247	0.2352519098475933	0.8531985549267439	-0.8317015202702153	-0.2133183637444043	0.5126088731865871
